0.2591362126245847 0.005973909001426196
0.5182724252491694 0.0044013378520606295
0.7774086378737541 0.004039878554758878
1.0365448504983388 0.004683843401445788
1.2956810631229234 0.0025666348077711698
1.5548172757475083 0.0001885779269036607
1.813953488372093 -0.00021453511943209504
2.0730897009966776 -0.0021571098367787374
2.3322259136212624 -0.0019613506353147393
2.591362126245847 -0.0027938709480109947
2.8504983388704317 -0.0033468704311780365
3.1096345514950166 -0.004340287147600138
3.368770764119601 -0.003465160499587578
3.627906976744186 -0.004690875767122441
3.8870431893687702 -0.007348014284863148
4.146179401993355 -0.005065558176464137
4.4053156146179395 -0.010073049702975064
4.664451827242525 -0.009362878757849247
4.923588039867109 -0.010255790599002414
5.182724252491694 -0.011051233982528096
5.441860465116279 -0.010614022037300578
5.700996677740863 -0.011005536794932234
5.960132890365448 -0.009885399434204908
6.219269102990033 -0.008440326142684076
6.4784053156146175 -0.01043867367381044
6.737541528239202 -0.009235675826139263
6.996677740863786 -0.007782450441271982
7.255813953488372 -0.009812959834927143
7.514950166112956 -0.008620710726144525
7.7740863787375405 -0.006235714712838142
8.033222591362126 -0.006668254147451494
8.29235880398671 -0.004934263667209667
8.551495016611295 -0.005768094241457455
8.810631229235879 -0.0023955534719423115
9.069767441860463 -0.00351184756536049
9.32890365448505 -0.0010123262905409294
9.588039867109634 7.186317919265954e-05
9.847176079734218 0.002760585904446502
10.106312292358803 0.0013777787673488122
10.365448504983387 0.0013711003930189703
10.624584717607972 0.005657728701492549
10.883720930232558 0.0049135746731972085
11.142857142857142 0.00752264333142364
11.401993355481727 0.007333606445088282
11.661129568106311 0.008245190960555322
11.920265780730896 0.00846958347708133
12.17940199335548 0.009112045168337085
12.438538205980066 0.010980405130449043
12.69767441860465 0.010623327255249372
12.956810631229235 0.010453081487842025
13.21594684385382 0.012666759359325604
13.475083056478404 0.013734997414303153
13.734219269102988 0.010083796788483613
13.993355481727573 0.011132881906643693
14.252491694352159 0.01180302105472571
14.511627906976743 0.011604458235871456
14.770764119601328 0.009842355425526746
15.029900332225912 0.011060545435498375
15.289036544850497 0.01022989996340531
15.548172757475081 0.010822447395741099
15.807308970099667 0.009397516454044741
16.06644518272425 0.009183282274065457
16.325581395348834 0.007728446695294354
16.58471760797342 0.007371745088835532
16.843853820598007 0.0038140778279340637
17.10299003322259 0.006021914573830387
17.362126245847175 0.005877658681246094
17.621262458471758 0.003899178677027984
17.880398671096344 0.002687308077713372
18.139534883720927 -0.00024847144549083834
18.398671096345513 -0.00031584337903078826
18.6578073089701 -0.0021235759906821985
18.916943521594682 -0.002875872270830203
19.176079734219268 -0.0029843754950564004
19.43521594684385 -0.0027149695969195253
19.694352159468437 -0.005645927421750487
19.953488372093023 -0.004964962823436128
20.212624584717606 -0.006508510591049686
20.471760797342192 -0.006268738911948404
20.730897009966775 -0.006030071364726341
20.99003322259136 -0.007390796582569183
21.249169435215943 -0.0069843142922411845
21.50830564784053 -0.010142726276656897
21.767441860465116 -0.010020588165905004
22.0265780730897 -0.007656400222673176
22.285714285714285 -0.008234681082671518
22.544850498338867 -0.007055504382962274
22.803986710963454 -0.007200842256280482
23.063122923588036 -0.006971667079313532
23.322259136212622 -0.005108079058817405
23.58139534883721 -0.004249479040532985
23.84053156146179 -0.004594047612150968
24.099667774086377 -0.0044391654122220535
24.35880398671096 -0.003859708971471822
24.617940199335546 -0.0022673076795122517
24.877076411960132 -0.0015895236840502867
25.136212624584715 0.0007753447704146107
25.3953488372093 0.00032637217518390066
25.654485049833884 0.0004122773470227291
25.91362126245847 0.0028682010442446122
26.172757475083053 0.004594929069485084
26.43189368770764 0.005283025308081363
26.691029900332225 0.005408463204347685
26.950166112956808 0.005142792239209445
27.209302325581394 0.006354943847490958
27.468438538205977 0.007529480741940497
27.727574750830563 0.009358313518064383
27.986710963455145 0.008355554714687845
28.24584717607973 0.01034031764344381
28.504983388704318 0.010685305312566442
28.7641196013289 0.012078108098877292
29.023255813953487 0.01070417707858554
29.28239202657807 0.011119769692779603
29.541528239202655 0.011861482167932317
29.800664451827238 0.011493404792856314
30.059800664451824 0.011258210819212487
30.31893687707641 0.011412445049436917
30.578073089700993 0.011141258526556607
30.83720930232558 0.009561662952176553
31.096345514950162 0.008198113486829937
31.355481727574748 0.0073988228083177315
31.614617940199334 0.007419440215721488
31.873754152823917 0.006432582491919184
32.1328903654485 0.006064326531529922
32.392026578073086 0.006224793295169196
32.65116279069767 0.0027864242105091913
32.91029900332226 0.0034552669064612795
33.16943521594684 0.001499376617556114
33.42857142857142 0.002722128011747402
33.68770764119601 0.0008139925418265238
33.946843853820596 -0.0013523542757303253
34.20598006644518 -0.005197254508886718
34.46511627906976 -0.0034083840546406717
34.72425249169435 -0.004718220559393306
34.98338870431893 -0.004198599832769127
35.242524916943516 -0.007603271563235802
35.501661129568106 -0.006942895633882113
35.76079734219269 -0.010188730884214021
36.01993355481727 -0.008407970593702145
36.279069767441854 -0.008569833861162576
36.538205980066444 -0.010715925014086532
36.797342192691026 -0.00995693503382307
37.05647840531561 -0.009027556353705645
37.3156146179402 -0.011721937219755648
37.57475083056478 -0.011808854725469399
37.833887043189364 -0.011060383659549528
38.09302325581395 -0.008898793126309106
38.352159468438536 -0.011934441011570134
38.61129568106312 -0.010860881151475073
38.8704318936877 -0.010712066770135323
39.12956810631229 -0.009286750591717855
39.388704318936874 -0.007985025208623134
39.64784053156146 -0.007098365614602035
39.906976744186046 -0.006563731679534343
40.16611295681063 -0.005672334379653296
40.42524916943521 -0.0054407749462341125
40.684385382059794 -0.004105195095224783
40.943521594684384 -0.002377269587429265
41.20265780730897 -0.003653795296713825
41.46179401993355 0.00012435460260659366
41.72093023255814 0.002220310463300371
41.98006644518272 6.592250299853578e-05
42.239202657807304 0.0008895335493740991
42.49833887043189 0.0021452634508372366
42.75747508305648 0.004001014556480257
43.01661129568106 0.003694420957820369
43.27574750830564 0.005416136191132181
43.53488372093023 0.0038691122757316043
43.794019933554814 0.0044019964116944095
44.0531561461794 0.0075219373051436805
44.31229235880398 0.00807123955586505
44.57142857142857 0.008018557589444109
44.83056478405315 0.00798475991571966
45.089700996677735 0.008716188250499322
45.348837209302324 0.009028259784888247
45.60797342192691 0.006950998027298305
45.86710963455149 0.008002775890932028
46.12624584717607 0.008252245569270013
46.38538205980066 0.0066678475072804826
46.644518272425245 0.0053216148433046775
46.90365448504983 0.005283624088842009
47.16279069767442 0.005478687420501633
47.421926910299 0.005076926939184959
47.68106312292358 0.0029179990158612586
47.940199335548165 0.0035674075401487524
48.199335548172755 0.002630237828843673
48.45847176079734 0.0006540086235260053
48.71760797342192 0.0005340561509287712
48.97674418604651 0.0006295412182250317
49.23588039867109 -0.0017970699091346587
49.495016611295675 -0.002488709857863549
49.754152823920265 -0.0035089000358182114
50.01328903654485 -0.004761132757835187
50.27242524916943 -0.006599749086499886
50.53156146179401 -0.007931385861539873
50.7906976744186 -0.00948524636569554
51.049833887043185 -0.006882101138348455
51.30897009966777 -0.008924576744839123
51.56810631229236 -0.00846091671830982
51.82724252491694 -0.010604597493088494
52.08637873754152 -0.01135795281130006
52.345514950166105 -0.01095840440217615
52.604651162790695 -0.012680402421248462
52.86378737541528 -0.013078745650099435
53.12292358803986 -0.01032926729051304
53.38205980066445 -0.011883834254651249
53.64119601328903 -0.009903309089945987
53.900332225913616 -0.010984045890987672
54.1594684385382 -0.008914299598663928
54.41860465116279 -0.010406522704200147
54.67774086378737 -0.01014640368761095
54.93687707641195 -0.0085202640576621
55.19601328903654 -0.00845454953831136
55.455149501661126 -0.009601393459701438
55.71428571428571 -0.006883839306381276
55.97342192691029 -0.00553259311109501
56.23255813953488 -0.004800623734945287
56.49169435215946 -0.0030827513636798617
56.750830564784046 -0.0017664087905993552
57.009966777408636 -0.0012658728556530583
57.26910299003322 -0.0023551285031133407
57.5282392026578 0.0016690494128535024
57.78737541528238 0.0006758731838978891
58.04651162790697 0.0036045857343511415
58.305647840531556 0.004677580938554754
58.56478405315614 0.0035253776895504997
58.82392026578073 0.006265198882772774
59.08305647840531 0.005489772332346291
59.342192691029894 0.006423764758617941
59.601328903654476 0.007193899733004823
59.860465116279066 0.006317814917490018
60.11960132890365 0.00917707406952187
60.37873754152823 0.008446941726720029
60.63787375415282 0.009230311736499224
60.897009966777404 0.01011914374452004
61.156146179401986 0.008191582277894271
61.415282392026576 0.00978989621770752
61.67441860465116 0.009088888218262843
61.93355481727574 0.010309305159435216
62.192691029900324 0.008282850772910284
62.451827242524914 0.008457094677590576
62.710963455149496 0.008766258018642496
62.97009966777408 0.0073052403132615315
63.22923588039867 0.007639750474679918
63.48837209302325 0.006840000848328564
63.747508305647834 0.005865253103900599
64.00664451827242 0.005139017553238743
64.265780730897 0.00407365811126745
64.52491694352159 0.00391724484867652
64.78405315614617 0.002072964770228304
65.04318936877075 5.837414381448249e-05
65.30232558139534 -0.00012021541759392332
65.56146179401993 -0.001194695500879297
65.82059800664452 -0.0027463860624884636
66.0797342192691 -0.0026298771360862023
66.33887043189368 -0.005863693656012171
66.59800664451826 -0.006646821666029529
66.85714285714285 -0.006351582026238786
67.11627906976743 -0.0059576889996511735
67.37541528239203 -0.006194401900116726
67.63455149501661 -0.006971375576895871
67.89368770764119 -0.008422053035834553
68.15282392026577 -0.007890978166787719
68.41196013289036 -0.008631363992868828
68.67109634551494 -0.008634668080019784
68.93023255813952 -0.009091286009307763
69.18936877076412 -0.006854779077791095
69.4485049833887 -0.007602912876434524
69.70764119601328 -0.008567611880329135
69.96677740863787 -0.006473026581106817
70.22591362126245 -0.006306222991996545
70.48504983388703 -0.006067481708169187
70.74418604651162 -0.005023267702018266
71.00332225913621 -0.005426788212429227
71.2624584717608 -0.004343240444259951
71.52159468438538 -0.003245377607428509
71.78073089700996 -0.0006730196262438098
72.03986710963454 -0.0017844439858989332
72.29900332225913 -0.0018660668632897157
72.55813953488371 0.0013762826462179242
72.8172757475083 0.0029805838290562813
73.07641196013289 0.003710495715095229
73.33554817275747 0.0038508476973034464
73.59468438538205 0.004964491468488821
73.85382059800664 0.0061884811446073894
74.11295681063122 0.005272653973715163
74.3720930232558 0.006626084029402322
74.6312292358804 0.007501446473306004
74.89036544850498 0.00819301037822013
75.14950166112956 0.009419752902246496
75.40863787375415 0.010252461179890577
75.66777408637873 0.011063174491686194
75.92691029900331 0.010553250463937389
76.1860465116279 0.011386422830120837
76.44518272425249 0.011557231428362442
76.70431893687707 0.012117363723364529
76.96345514950166 0.011238051924452607
77.22259136212624 0.011604575678147292
77.48172757475082 0.010799156261926032
77.7408637873754 0.010823375844302405
78.0 0.01098253085097402